image: Three_rooms.pgm
resolution: 0.050000
origin: [-6.300000, -4.4, 0.000000]
negate: 0
occupied_thresh: 0.65
free_thresh: 0.196

